- nodeIndex: [edgeIndex]
1: 1, 2
2: 3, 4
3: 5, 6
4: 1, 7
5: 2, 3, 8
6: 4, 5, 9
7: 6, 10
8: 7, 11, 12
9: 8, 13, 14
10: 9, 15, 16
11: 10, 17, 18
12: 11, 19
13: 12, 13, 20
14: 14, 15, 21
15: 16, 17, 22
16: 18, 23
17: 19, 24, 25
18: 20, 26, 27
19: 21, 28, 29
20: 22, 30, 31
21: 23, 32, 33
22: 24, 34
23: 25, 26, 35
24: 27, 28, 36
25: 29, 30, 37
26: 31, 32, 38
27: 33, 39
28: 34, 40
29: 35, 41, 42
30: 36, 43, 44
31: 37, 45, 46
32: 38, 47, 48
33: 39, 49
34: 40, 41, 50
35: 42, 43, 51
36: 44, 45, 52
37: 46, 47, 53
38: 48, 49, 54
39: 50, 55
40: 51, 56, 57
41: 52, 58, 59
42: 53, 60, 61
43: 54, 62
44: 55, 56, 63
45: 57, 58, 64
46: 59, 60, 65
47: 61, 62, 66
48: 63, 67
49: 64, 68, 69
50: 65, 70, 71
51: 66, 72
52: 67, 68
53: 69, 70
54: 71, 72